10 8 9
75 100 130 160 180 280 80 340 100 200 300 400 250 350 150 230 700
150 150 160 130 380 280 380 440 500 260 560 400 455 578 650 200 100
75 100 130 140 380 280 80 540 300 800 306 410 255 358 350 930 500
165 100 130 120 380 280 80 540 800 200 310 100 250 350 150 230 700
197 400 330 330 680 180 180 640 200 340 320 380 350 150 450 330 100
445 400 530 600 180 480 680 540 200 280 330 400 240 350 258 235 205
225 600 230 260 680 280 480 540 430 650 350 220 280 450 656 630 200
335 180 230 390 780 750 180 840 330 680 760 460 280 150 250 600 170
475 120 740 540 280 560 80 240 475 120 820 760 550 620 170 230 360
105 150 280 440 180 340 480 40 765 870 100 230 750 300 630 740 200